-1.27,-1.31,-1.23,-1.28,-1.25,-1.29,-1.28,-1.24,-1.29,-1.21,-1.31,-1.27,-1.29,-1.24,-1.20,-1.22,-1.18,-1.27,-1.25,-1.29,-1.26,-1.26,-1.26,-1.23,-1.26,-1.25,-1.34,-1.25,-1.27,-1.24,-1.23,-1.26,-1.22,-1.31,-1.21,-1.26,-1.23,-1.26,-1.26,-1.24,-1.27,-1.23,-1.30,-1.29,-1.35,-1.33,-1.30,-1.24,-1.20,-1.23,-1.20,-1.31,-1.25,-1.33,-1.24,-1.18,-1.30,-1.26,-1.34,-1.24,-1.25,-1.20,-1.23,-1.21,-1.22,-1.29,16.55,-1.30,-1.20,-1.26,-1.20,-1.27,-1.27,-1.27,-1.30,-1.23,-1.30,-1.21,-1.30,-1.25,-1.25,-1.25,-1.23,-1.32,-1.22,-1.24,-1.19,-1.32,-1.26,-1.29,-1.28,-1.22,-1.25,-1.21,-1.28,-1.25,-1.29,-1.27,-1.23,-1.23,-1.19,-1.27,-1.23,-1.31,-1.25,-1.22,-1.24,-1.24,-1.29,-1.18,-1.26,-1.20,-1.27,-1.23,-1.22,-1.27,-1.20,-1.23,-1.18,-1.29,-1.20,-1.26,-1.24,-1.24,-1.26,-1.20,-1.29,-1.17,-1.26,-1.22,-1.21,-1.22,-1.20,-1.25,-1.19,-1.26,-1.16,-1.22,-1.20,-1.17,-1.20,-1.15,-1.21,-1.17,-1.25,-1.17,-1.22,-1.18,-1.18,-1.18,-1.19,-1.24,-1.18,-1.22,-1.16,-1.19,-1.18,-1.19,-1.25,-1.13,-1.24,-1.14,-1.22,-1.17,-1.24,-1.25,-1.16,-1.25,-1.14,-1.24,-1.17,-1.20,-1.17,-1.17,-1.24,-1.18,-1.26,-1.17,-1.24,-1.18,-1.18,-1.19,-1.21,-1.26,-1.19,-1.24,-1.16,-1.21,-1.15,-1.20,-1.25,-1.14,-1.24,-1.18,-1.20,-1.16,-1.21,-1.19,-1.19,-1.24,-1.14,-1.26,-1.13,-1.21,-1.18,-1.19,-1.16,-1.16,-1.22,-1.17,-1.24,-1.17,-1.21,-1.16,-1.21,-1.26,-1.16,-1.24,-1.15,-1.20,-1.14,-1.21,-1.23,-1.20,-1.20,-1.14,-1.21,-1.15,-1.26,-1.17,-1.18,-1.20,-1.14,-1.21,-1.20,-1.24,-1.13,-1.20,-1.20,-1.17,-1.22,-1.18,-1.24,-1.14,-1.22,-1.13,-1.16,-1.26,-1.17,-1.24,-1.16,-1.22,-1.13,-1.22,-1.15,-1.18,-1.18,-1.14,-1.19,-1.16,-1.23,-1.15,-1.20,-1.16,-1.14,-1.18,-1.13,-1.20,-1.09,-1.17,-1.11,-1.16,-1.18,-1.12,-1.17,-1.10,-1.22,-1.12,-1.13,-1.18,-1.18,-1.21,-1.17,-1.23,-1.12,-1.19,-1.15,-1.21,-1.17,-1.16,-1.20,-1.14,-1.25,-1.14,-1.22,-1.19,-1.20,-1.20,-1.14,-1.19,-1.12,-1.24,-1.20,-1.24,-1.23,-1.21,-1.23,-1.16,-1.21,-1.11,-1.22,-1.24,-1.23,-1.24,-1.13,-1.22,-1.20,-1.24,-1.24,-1.29,-1.26,-1.24,-1.27,-1.22,-1.27,-1.22,-1.26,-1.19,-1.21,-1.17,-1.23,-1.31,-1.26,-1.29,-1.22,-1.29,-1.24,-1.28,-1.25,-1.26,-1.31,-1.24,-1.31,-1.25,-1.26,-1.23,-1.23,-1.30,-1.25,-1.36,-1.25,-1.26,-1.22,-1.24,-1.24,-1.20,-1.31,-1.22,-1.29,-1.17,-1.22,-1.21,-1.21,-1.24,-1.19,-1.28,-1.22,-1.30,-1.24,-1.27,-1.26,-1.24,-1.26,-1.22,-1.26,-1.20,-1.28,-1.25,-1.26,-1.27,-1.25,-1.34,-1.23,-1.32,-1.23,-1.29,-1.27,-1.22,-1.29,-1.27,-1.36,-1.26,-1.35,-1.27,-1.25,-1.25,-1.25,-1.31,-1.23,-1.33,-1.24,-1.30,-1.30,-1.30,-1.27,-1.23,-1.33,-1.30,-1.33,-1.24,-1.31,-1.27,-1.27,-1.33,-1.29,-1.36,-1.24,-1.32,-1.24,-1.32,-1.30,-1.30,-1.34,-1.24,-1.31,-1.28,-1.30,-1.27,-1.29,-1.29,-1.24,-1.35,-1.28,-1.38,-1.27,-1.33,-1.31,-1.32,-1.34,-1.34,-1.43,-1.33,-1.37,-1.30,-1.36,-1.35,-1.35,-1.40,-1.31,-1.33,-1.32,-1.38,-1.33,-1.34,-1.35,-1.33,-1.37,-1.25,-1.35,-1.27,-1.31,-1.29,-1.29,-1.36,-1.28,-1.38,-1.27,-1.30,-1.32,-1.33,-1.33,-1.25,-1.32,-1.35,-1.38,-1.33,-1.35,-1.36,-1.32,-1.36,-1.32,-1.36,-1.32,-1.36,-1.35,-1.38,-1.38,-1.33,-1.39,-1.34,-1.38,-1.36,-1.36,-1.35,-1.30,-1.34,-1.29,-1.39,-1.32,-1.36,-1.30,-1.34,-1.39,-1.31,-1.39,-1.31,-1.36,-1.32,-1.36,-1.35,-1.34,-1.40,-1.35,-1.38,-1.29,-1.38,-1.34,-1.37,-1.41,-1.38,-1.42,-1.40,-1.41,-1.38,-1.38,-1.36,-1.29,-1.37,-1.31,-1.35,-1.34,-1.37,-1.45,-1.42,-1.44,-1.35,-1.36,-1.30,-1.33,-1.27,-1.31,-1.31,-1.14,-1.19,-1.13,-1.21,-1.29,-1.34,-1.44,-1.48,-1.47,-1.39,-1.49,-1.44,-1.48,-1.41,-1.37,-1.39,-1.35,-1.42,-1.43,-1.59,-1.62,-1.66,-1.58,-1.44,-1.36,-1.36,-1.45,-1.41,-1.53,-1.51,-1.56,-1.59,-1.56,-1.55,-1.45,-1.37,-1.30,-1.27,-1.28,-1.30,-1.30,-1.25,-1.32,-1.30,-1.38,-1.40,-1.42,-1.35,-1.28,-1.30,-1.25,-1.37,-1.35,-1.42,-1.34,-1.34,-1.40,-1.34,-1.48,-1.47,-1.58,-1.50,-1.47,-1.41,-1.39,-1.39,-1.37,-1.42,-1.37,-1.44,-1.40,-1.43,-1.42,-1.41,-1.46,-1.41,-1.47,-1.39,-1.43,-1.42,-1.43,-1.45,-1.40,-1.43,-1.38,-1.55,-1.47,-1.50,-1.48,-1.42,-1.47,-1.39,-1.47,-1.40,-1.44,-1.41,-1.46,-1.47,-1.44,-1.50,-1.52,-1.62,-1.54,-1.51,-1.40,-1.29,-1.29,-1.25,-1.34,-1.34,-1.42,-1.41,-1.35,-1.34,-1.23,-1.37,-1.29,-1.35,-1.37,-1.40,-1.35,-1.33,-1.40,-1.35,-1.40,-1.32,-1.36,-1.39,-1.40,-1.40,-1.37,-1.40,-1.33,-1.37,-1.35,-1.39,-1.36,-1.35,-1.36,-1.34,-1.40,-1.34,-1.36,-1.32,-1.34,-1.37,-1.34,-1.40,-1.30,-1.38,-1.33,-1.34,-1.34,-1.34,-1.34,-1.30,-1.36,-1.30,-1.38,-1.34,-1.39,-1.34,-1.34,-1.36,-1.33,-1.42,-1.36,-1.40,-1.37,-1.38,-1.36,-1.31,-1.44,-1.30,-1.40,-1.35,-1.41,-1.39,-1.40,-1.44,-1.36,-1.47,-1.40,-1.42,-1.40,-1.39,-1.42,-1.41,-1.46,-1.39,-1.46,-1.38,-1.40,-1.42,-1.42,-1.41,-1.35,-1.42,-1.34,-1.41,-1.45,-1.38,-1.40,-1.36,-1.37,-1.33,-1.40,-1.37,-1.42,-1.37,-1.45,-1.43,-1.38,-1.47,-1.36,-1.43,-1.38,-1.44,-1.44,-1.39,-1.45,-1.37,-1.43,-1.37,-1.44,-1.41,-1.39,-1.38,-1.36,-1.46,-1.39,-1.48,-1.42,-1.45,-1.43,-1.41,-1.49,-1.41,-1.47,-1.39,-1.40,-1.40,-1.45,-1.48,-1.44,-1.47,-1.40,-1.45,-1.38,-1.39,-1.37,-1.39,-1.44,-1.41,-1.47,-1.40,-1.41,-1.40,-1.46,-1.44,-1.47,-1.53,-1.38,-1.47,-1.38,-1.44,-1.41,-1.44,-1.47,-1.40,-1.49,-1.41,-1.52,-1.46,-1.47,-1.44,-1.41,-1.46,-1.43,-1.50,-1.42,-1.51,-1.44,-1.47,-1.44,-1.42,-1.45,-1.43,-1.56,-1.40,-1.49,-1.44,-1.45,-1.49,-1.40,-1.49,-1.46,-1.53,-1.48,-1.47,-1.48,-1.46,-1.50,-1.42,-1.56,-1.49,-1.56,-1.47,-1.47,-1.46,-1.45,-1.54,-1.47,-1.58,-1.49,-1.49,-1.49,-1.46,-1.53,-1.49,-1.58,-1.45,-1.55,-1.43,-1.48,-1.49,-1.47,-1.55,-1.50,-1.53,-1.48,-1.49,-1.47,-1.47,-1.52,-1.45,-1.53,-1.46,-1.54,-1.49,-1.46,-1.47,-1.47,-1.51,-1.48,-1.54,-1.43,-1.50,-1.46,-1.45,-1.48,-1.43,-1.55,-1.51,-1.53,-1.47,-1.49,-1.47,-1.44,-1.51,-1.50,-1.52,-1.45,-1.49,-1.44,-1.48,-1.50,-1.51,-1.58,-1.52,-1.59,-1.52,-1.51,-1.49,-1.46,-1.53,-1.49,-1.59,-1.59,-1.67,-1.64,-1.51,-1.58,-1.44,-1.56,-1.42,-1.32,-1.32,-1.24,-0.97,-0.72,-0.69,-0.65,-0.61,-0.47,-0.44,-0.42,-0.31,-0.28,-0.24,-0.20,-0.23,-0.32,-0.33,-0.40,-0.38,-0.39,-0.34,-0.33,-0.31,-0.24,-0.28,-0.21,-0.24,-0.23,-0.23,-0.23,-0.27,-0.28,-0.33,-0.29,-0.17,-0.24,-0.27,-0.32,-0.44,-0.45,-0.48,-0.43,-0.42,-0.42,-0.36,-0.41,-0.42,-0.45,-0.47,-0.54,-0.50,-0.54,-0.48,-0.45,-0.48,-0.46,-0.47,-0.43,-0.51,-0.48,-0.48,-0.52,-0.51,-0.52,-0.47,-0.47,-0.45,-0.55,-0.50,-0.47,-0.50,-0.46,-0.51,-0.50,-0.48,-0.45,-0.49,-0.45,-0.49,-0.50,-0.45,-0.52,-0.49,-0.53,-0.52,-0.56,-0.49,-0.51,-0.52,-0.47,-0.49,-0.48,-0.52,-0.51,-0.51,-0.49,-0.54,-0.57,-0.50,-0.54,-0.43,-0.51,-0.53,-0.52,-0.51,-0.51,-0.49,-0.49,-0.55,-0.50,-0.56,-0.50,-0.54,-0.52,-0.50,-0.53,-0.53,-0.57,-0.54,-0.57,-0.52,-0.51,-0.54,-0.49,-0.57,-0.53,-0.57,-0.52,-0.58,-0.53,-0.51,-0.56,-0.52,-0.55,-0.49,-0.56,-0.51,-0.58,-0.54,-0.53,-0.54,-0.52,-0.56,-0.53,-0.52,-0.53,-0.53,-0.53,-0.54,-0.56,-0.52,-0.57,-0.49,-0.59,-0.52,-0.54,-0.56,-0.53,-0.55,-0.53,-0.57,-0.52,-0.54,-0.50,-0.49,-0.54,-0.52,-0.56,-0.54,-0.61,-0.55,-0.53,-0.57,-0.57,-0.57,-0.53,-0.57,-0.55,-0.56,-0.52,-0.52,-0.54,-0.51,-0.57,-0.53,-0.52,-0.52,-0.55,-0.52,-0.54,-0.58,-0.55,-0.52,-0.50,-0.50,-0.47,-0.54,-0.54,-0.53,-0.54,-0.48,-0.55,-0.52,-0.52,-0.54,-0.54,-0.53,-0.55,-0.56,-0.51,-0.59,-0.54,-0.58,-0.57,-0.57,-0.59,-0.54,-0.59,-0.53,-0.62,-0.55,-0.57,-0.55,-0.56,-0.60,-0.57,-0.62,-0.53,-0.56,-0.52,-0.55,-0.55,-0.55,-0.61,-0.58,-0.63,-0.56,-0.58,-0.54,-0.56,-0.57,-0.59,-0.62,-0.54,-0.60,-0.54,-0.58,-0.56,-0.56,-0.60,-0.57,-0.60,-0.57,-0.63,-0.56,-0.58,-0.59,-0.61,-0.61,-0.59,-0.62,-0.57,-0.61,-0.60,-0.61,-0.60,-0.59,-0.62,-0.55,-0.61,-0.57,-0.62,-0.61,-0.64,-0.59,-0.53,-0.62,-0.61,-0.64,-0.61,-0.64,-0.60,-0.59,-0.60,-0.58,-0.65,-0.57,-0.67,-0.63,-0.61,-0.60,-0.58,-0.65,-0.60,-0.64,-0.62,-0.65,-0.55,-0.56,-0.57,-0.60,-0.64,-0.58,-0.62,-0.60,-0.62,-0.61,-0.60,-0.59,-0.57,-0.62,-0.59,-0.67,-0.59,-0.59,-0.62,-0.60,-0.62,-0.55,-0.64,-0.59,-0.61,-0.61,-0.64,-0.60,-0.61,-0.65,-0.60,-0.68,-0.61,-0.67,-0.60,-0.62,-0.61,-0.61,-0.66,-0.57,-0.66,-0.60,-0.66,-0.64,-0.61,-0.62,-0.60,-0.65,-0.59,-0.67,-0.62,-0.62,-0.63,-0.64,-0.67,-0.60,-0.66,-0.63,-0.66,-0.63,-0.69,-0.65,-0.60,-0.65,-0.62,-0.71,-0.62,-0.68,-0.63,-0.67,-0.63,-0.67,-0.70,-0.64,-0.63,-0.60,-0.69,-0.67,-0.68,-0.66,-0.63,-0.64,-0.59,-0.70,-0.68,-0.67,-0.64,-0.64,-0.71,-0.67,-0.69,-0.62,-0.62,-0.61,-0.70,-0.71,-0.66,-0.74,-0.78,-0.87,-0.85,-0.80,-0.72,-0.72,-0.73,-0.61,-0.75,-0.69,-0.77,-0.77,-0.84,-0.85,-0.79,-0.77,-0.67,-0.75,-0.71,-0.79,-0.78,-0.82,-0.80,-0.74,-0.71,-0.68,-0.73,-0.77,-0.84,-0.90,-0.90,-0.92,-0.91,-0.86,-0.78,-0.83,-0.81,-0.79,-0.83,-0.81,-0.86,-0.82,-0.88,-0.84,-0.87,-0.86,-0.81,-0.89,-0.82,-0.84,-0.80,-0.77,-0.82,-0.85,-0.84,-0.86,-0.89,-0.86,-0.96,-0.90,-0.93,-0.85,-0.88,-0.91,-0.89,-0.94,-0.88,-0.93,-0.85,-0.87,-0.91,-0.90,-0.91,-0.86,-0.94,-0.80,-0.89,-0.88,-0.87,-0.88,-0.81,-0.91,-0.91,-0.90,-0.79,-0.89,-0.85,-0.93,-0.89,-0.85,-0.84,-0.73,-0.82,-0.80,-0.88,-0.86,-0.89,-0.86,-0.88,-0.92,-0.79,-0.88,-0.82,-0.88,-0.87,-0.86,-0.84,-0.77,-0.86,-0.82,-0.94,-0.86,-0.88,-0.90,-0.83,-0.87,-0.86,-0.94,-0.84,-0.92,-0.89,-0.91,-0.89,-0.91,-0.89,-0.87,-0.97,-0.87,-0.90,-0.87,-0.90,-0.88,-0.89,-0.96,-0.89,-0.98,-0.91,-0.92,-0.91,-0.89,-0.95,-0.93,-0.95,-0.88,-0.95,-0.87,-0.96,-0.91,-0.91,-0.94,-0.88,-0.97,-0.85,-0.97,-0.90,-0.94,-0.96,-0.95,-0.98,-0.92,-0.92,-0.89,-0.97,-0.95,-0.98,-0.96,-0.88,-0.95,-0.82,-0.96,-0.91,-0.99,-0.99,-0.99,-0.95,-0.93,